0 12.905682622920722 0.5591253345012664 0.778 0.5603540746370951 0.7966666666666666
1 12.337241635192186 0.5529698563814163 0.787 0.5563991024096807 0.7933333333333333
2 12.1069002491422 0.5451819241046906 0.792 0.5385462069511413 0.79
3 12.49206426832825 0.5090781365036965 0.799 0.43756668945153554 0.8333333333333334
4 12.433578651864082 0.38191984164714815 0.857 0.31066777169704435 0.8733333333333333
5 12.405134695582092 0.3193510511517525 0.882 0.265393914381663 0.9033333333333333
6 12.360585326794535 0.2714628804922104 0.901 0.2301395606994629 0.9166666666666666
7 12.178070556372404 0.252841563642025 0.904 0.21424689849217732 0.8866666666666667
8 12.360459247138351 0.23981119298934936 0.907 0.20887140889962513 0.9366666666666666
9 12.424139141105115 0.22921957910060883 0.915 0.1761477122704188 0.9333333333333333
10 12.309792310930789 0.23995095181465148 0.911 0.1614473424355189 0.94
11 12.352850042749196 0.21615190041065216 0.919 0.22033844709396364 0.9133333333333333
12 12.120518364012241 0.21246602642536164 0.916 0.17142486870288848 0.94
13 12.329874631948769 0.2127396560907364 0.912 0.26306692222754163 0.8966666666666666
14 12.35047350404784 0.20754866182804108 0.924 0.18809137463569642 0.9166666666666666
15 12.424830626696348 0.19520501065254212 0.927 0.17990693946679434 0.9266666666666666
16 12.397601903881878 0.1887041449546814 0.926 0.15035048445065816 0.9466666666666667
17 12.372281288262457 0.19050575518608093 0.924 0.14583271582921345 0.9266666666666666
18 12.313705104868859 0.19864851307868958 0.93 0.15124104181925455 0.9366666666666666
19 12.163780861068517 0.1802356573343277 0.931 0.14562872687975564 0.9433333333333334
20 12.324594554957002 0.21197809970378875 0.922 0.15041296402613322 0.9433333333333334
21 12.386907970998436 0.20206707644462585 0.928 0.1564367421468099 0.9433333333333334
22 12.223545513115823 0.17753630828857422 0.931 0.14906816124916078 0.94
23 12.305476747918874 0.18684293961524964 0.93 0.14308314522107443 0.96
24 12.370243100915104 0.17550661754608154 0.938 0.1431418546040853 0.9466666666666667
25 12.355488885194063 0.20162257707118988 0.922 0.15414983987808228 0.94
26 12.346463561058044 0.177109765291214 0.931 0.1306841238339742 0.95
27 12.194561557844281 0.17656898307800292 0.941 0.13402165134747823 0.9466666666666667
28 12.281318339053541 0.16624711453914642 0.942 0.130901563167572 0.9533333333333334
29 12.379776495043188 0.20670752787590027 0.924 0.12670241753260295 0.95
30 12.398999955970794 0.21249467372894287 0.921 0.16729971686999004 0.9233333333333333
31 12.380314624868333 0.19558011066913605 0.928 0.15544274767239888 0.94
32 12.202800556086004 0.1952930349111557 0.929 0.16400466243426004 0.94
33 12.350294962059706 0.177047314286232 0.934 0.13136704603830973 0.95
34 12.399975557345897 0.17775289750099182 0.943 0.13391840934753418 0.9466666666666667
35 12.402668939903378 0.16512528216838837 0.946 0.12121633132298787 0.95
36 12.40521802706644 0.16075467872619628 0.944 0.1204802918434143 0.9533333333333334
37 12.178015026263893 0.1668178026676178 0.941 0.13608156283696493 0.9433333333333334
38 12.414151574950665 0.16557445752620698 0.946 0.11966492970784505 0.9466666666666667
39 12.444554714951664 0.1486798975467682 0.945 0.1189359978834788 0.9533333333333334
40 12.430613218806684 0.1607251069545746 0.946 0.11200359423955282 0.9566666666666667
41 12.423656479921192 0.1568300495147705 0.945 0.11401644190152486 0.9533333333333334
42 12.302283968310803 0.15592489981651306 0.946 0.10844984769821167 0.9566666666666667
43 12.352338627912104 0.16487704241275788 0.935 0.13921476165453592 0.9333333333333333
44 12.312715012114495 0.1665467745065689 0.935 0.11401349107424417 0.96
45 12.401612873654813 0.15432914066314699 0.945 0.10602269887924194 0.9633333333333334
46 12.264685415197164 0.1535661951303482 0.94 0.11614276568094889 0.95
47 12.329519052989781 0.14587085449695586 0.944 0.11231832504272461 0.9633333333333334
48 12.31156297493726 0.1478769289255142 0.946 0.13260557015736898 0.9466666666666667
49 12.342812502291054 0.14120414197444917 0.948 0.11037771304448446 0.9633333333333334
50 12.292989894747734 0.15693748271465302 0.944 0.11211578607559204 0.95
51 12.333236280828714 0.14990303003787994 0.953 0.10685623447100322 0.9566666666666667
52 12.246811443008482 0.15244423317909242 0.95 0.1085258444150289 0.9566666666666667
53 12.244377959985286 0.14437029683589936 0.951 0.10360745986302694 0.9566666666666667
54 12.311118509154767 0.13448235809803008 0.951 0.11108672340710958 0.9566666666666667
55 12.289179190061986 0.1524665423631668 0.945 0.12501425941785177 0.9366666666666666
56 12.319902740884572 0.1514711207151413 0.94 0.1349043579896291 0.96
57 12.12738061323762 0.16445371043682097 0.938 0.11640226006507874 0.9333333333333333
58 12.380238144192845 0.14831887447834016 0.948 0.10374084790547689 0.9533333333333334
59 12.428197498898953 0.14787021589279176 0.943 0.1009847342967987 0.9633333333333334
60 12.361638604663312 0.14106907618045808 0.95 0.12014889399210613 0.9533333333333334
61 12.481307805981487 0.15221673727035523 0.948 0.09920164783795675 0.96
62 12.453950811177492 0.1321740583181381 0.953 0.09631367087364197 0.9633333333333334
63 12.465664918068796 0.13003579342365265 0.95 0.09580105185508728 0.96
64 12.32827563304454 0.13079462552070617 0.955 0.09169200817743937 0.96
65 12.310721697285771 0.13569044172763825 0.951 0.10446361144383748 0.9533333333333334
66 12.260984690859914 0.13084616124629975 0.955 0.10608290513356526 0.95
67 12.27000064495951 0.1349416687488556 0.953 0.10923193613688151 0.95
68 12.29025975195691 0.1218771241903305 0.961 0.14500832716623943 0.9333333333333333
69 12.289340008050203 0.11708699584007264 0.954 0.09533086021741231 0.97
70 12.351949180010706 0.11776843464374542 0.959 0.1007856297492981 0.9533333333333334
71 12.127400249242783 0.10788868868350983 0.958 0.10125491579373677 0.9566666666666667
72 12.334129454568028 0.11031606757640838 0.961 0.11145333409309387 0.9533333333333334
73 12.288405646104366 0.11241938972473145 0.959 0.09633084694544475 0.96
74 12.445649798959494 0.11538867151737213 0.961 0.09884045362472534 0.9566666666666667
75 12.35523272678256 0.10841964089870453 0.957 0.12333765665690104 0.9533333333333334
76 12.290240505710244 0.10608413457870483 0.968 0.08938285986582438 0.9666666666666667
77 12.415098245255649 0.10940099966526032 0.962 0.09751596132914225 0.97
78 12.38796896673739 0.1055277041196823 0.963 0.09865858793258667 0.96
79 12.428354162722826 0.10432641589641571 0.964 0.10229537526766459 0.9566666666666667
80 12.416977563872933 0.10596494424343109 0.965 0.09601173877716064 0.9666666666666667
81 12.230275178793818 0.10842672622203826 0.965 0.10114543676376343 0.9633333333333334
82 12.393426661845297 0.10052032268047333 0.97 0.09310286204020182 0.96
83 12.391551032662392 0.09296645212173461 0.966 0.09421363631884257 0.9633333333333334
84 12.287183453794569 0.09910189712047576 0.967 0.08598146359125773 0.9633333333333334
85 11.961295941844583 0.09939400100708008 0.963 0.1288053814570109 0.9533333333333334
86 11.91411006078124 0.10170314395427704 0.967 0.0867846934000651 0.9633333333333334
87 11.741682306863368 0.1045930700302124 0.963 0.10056303143501281 0.9566666666666667
88 11.759418829809874 0.10079378855228424 0.962 0.0937260095278422 0.9733333333333334
89 11.737957550212741 0.09365076541900635 0.969 0.08833538850148519 0.9666666666666667
90 12.094116414897144 0.09340878808498383 0.966 0.10350921273231506 0.9633333333333334
91 12.045052214059979 0.10885184121131897 0.969 0.09915833314259848 0.9566666666666667
92 11.901788703165948 0.10349639272689819 0.964 0.09179167668024699 0.96
93 12.04339951602742 0.09819949412345887 0.969 0.08720557769139607 0.9633333333333334
94 11.890601796098053 0.1018767020702362 0.967 0.11819531361262003 0.9633333333333334
95 11.83745044330135 0.10310719859600068 0.968 0.10544865767161052 0.9566666666666667
96 11.965508416760713 0.09270786523818969 0.973 0.09941420078277588 0.9633333333333334
97 12.150540472008288 0.08976798379421234 0.968 0.1011983863512675 0.96
98 12.018708375748247 0.09862373769283295 0.964 0.10027517318725586 0.96
99 12.32662043813616 0.09782716488838196 0.966 0.0960246753692627 0.9666666666666667
