0 2.640585913322866 1.228875133726332 0.6592592592592592 0.9487436532974243 0.76
1 1.471978707704693 0.9960633096871553 0.6666666666666666 0.9039527201652526 0.76
2 1.4638109728693962 0.937879928836116 0.7037037037037037 0.8935632824897766 0.8
3 1.4610530971549451 0.8108944049587956 0.725925925925926 0.885585961341858 0.8
4 1.4664630210027099 0.7665511656690527 0.6814814814814815 0.9010983872413635 0.76
5 1.4625030318275094 0.7580978040341978 0.6888888888888889 0.8957321119308471 0.72
6 1.4988093189895153 0.7799530232394183 0.6814814814814815 0.9043354749679565 0.76
7 1.4611110109835863 0.7417526289268777 0.7111111111111111 0.9074991726875306 0.76
8 1.4591791019774973 0.7379414063912851 0.6888888888888889 0.939992425441742 0.72
9 1.4621203928254545 0.7450050309852317 0.7333333333333333 0.9332513117790222 0.76
10 1.458831766154617 0.738823221789466 0.725925925925926 0.9322985577583313 0.76
11 1.4569333950057626 0.7327092638722172 0.7185185185185186 0.9168947124481202 0.76
12 1.4631291567347944 0.7213128504929719 0.7037037037037037 0.9433264684677124 0.76
13 1.4570955107919872 0.7328695332562482 0.7111111111111111 0.9232314729690552 0.76
14 1.462089569773525 0.7561839916087963 0.6814814814814815 0.9355476593971253 0.76
15 1.4609686988405883 0.7262024429109362 0.7185185185185186 1.010702519416809 0.76
16 1.4611055520363152 0.750814453319267 0.7037037037037037 0.9250976061820984 0.76
17 1.4621787322685122 0.7794138034184773 0.6666666666666666 0.989153106212616 0.8
18 1.5333289201371372 0.7012510493949607 0.7037037037037037 0.9309373784065247 0.76
19 1.459659384097904 0.7294681425447818 0.6814814814814815 0.9484704232215881 0.76
20 1.4629722121171653 0.6727930987322772 0.7037037037037037 0.8936456036567688 0.8
21 1.4599008560180664 0.6901231059321651 0.7111111111111111 1.0043582272529603 0.72
22 1.4574883291497827 0.6949941930947481 0.725925925925926 0.9549211978912353 0.72
23 1.4578216969966888 0.6849486646828828 0.7037037037037037 0.9973414516448975 0.72
24 1.4935635686852038 0.6704665002999483 0.6962962962962963 0.8314996266365051 0.72
25 1.4617083501070738 0.687495728775307 0.7037037037037037 0.9014281272888184 0.84
26 1.4640134680084884 0.6725578308105469 0.7185185185185186 0.9900589299201965 0.72
27 1.4615397630259395 0.6833798081786544 0.7111111111111111 0.9705941081047058 0.76
28 1.472982844337821 0.657172742596379 0.7111111111111111 0.8946021795272827 0.72
29 1.4626656109467149 0.6507478095867015 0.725925925925926 0.9866702079772949 0.76
30 1.5021913656964898 0.6628659098236649 0.725925925925926 0.9205517148971558 0.76
31 1.484970519784838 0.6440678865821273 0.7407407407407407 0.9304293990135193 0.72
32 1.4580839700065553 0.6501027001274957 0.7185185185185186 0.8993330383300782 0.76
33 1.4590729833580554 0.6575214898144758 0.725925925925926 0.9724235081672669 0.76
34 1.458208258729428 0.6665153313566137 0.725925925925926 0.9294233131408691 0.76
35 1.4645028049126267 0.663788112004598 0.6962962962962963 0.9020780634880066 0.76
36 1.4605439021252096 0.6432881125697383 0.725925925925926 0.9592382049560547 0.76
37 1.4589100731536746 0.6597264100004125 0.725925925925926 0.9280967855453491 0.76
38 1.459920973982662 0.6531440571502403 0.7111111111111111 0.902396137714386 0.76
39 1.4622160368598998 0.641024703891189 0.7333333333333333 0.9115219378471374 0.76
40 1.4611485484056175 0.633183917734358 0.7333333333333333 0.8675151062011719 0.76
41 1.4628837131895125 0.6323381521083691 0.7333333333333333 0.9178082537651062 0.76
42 1.4694743202999234 0.6473840678179705 0.7185185185185186 0.9277841591835022 0.76
43 1.4587492728605866 0.6380467900523433 0.7185185185185186 0.8778356051445008 0.76
44 1.4579422199167311 0.63322370228944 0.7185185185185186 0.8977911734580993 0.76
45 1.461889616213739 0.6404204121342412 0.7111111111111111 0.8663606166839599 0.76
46 1.4608216369524598 0.6370912551879883 0.725925925925926 0.9226167798042297 0.76
47 1.4589346097782254 0.6552244274704545 0.7111111111111111 0.9284221291542053 0.76
48 1.4608911601826549 0.6475761815353677 0.7111111111111111 0.8927068996429444 0.76
49 1.462459301110357 0.6347254457297149 0.7111111111111111 0.8622289204597473 0.76
50 1.4606925370171666 0.6356176482306586 0.7185185185185186 0.8750051069259643 0.76
51 1.4619160639122128 0.6317190510255319 0.7185185185185186 0.8736757922172547 0.76
52 1.4598700888454914 0.6289854583916841 0.7111111111111111 0.8647761321067811 0.76
53 1.4801558791659772 0.6297647661632961 0.7111111111111111 0.8804812693595886 0.76
54 1.5267460132017732 0.6365844073118987 0.7185185185185186 0.8645991396903991 0.76
55 1.4590961341746151 0.6258603082762824 0.7185185185185186 0.8821878170967102 0.76
56 1.4610720640048385 0.6309607302701031 0.7185185185185186 0.8584619450569153 0.76
57 1.4609601479023695 0.6233814937097055 0.7185185185185186 0.8748572087287902 0.76
58 1.4598991498351097 0.6280045959684584 0.7111111111111111 0.8522594285011291 0.76
59 1.476480099838227 0.6257654388745626 0.7111111111111111 0.8556764483451843 0.76
60 1.481202902738005 0.6258447889928465 0.7185185185185186 0.8617246627807618 0.76
61 1.4884709659963846 0.6223315715789794 0.7111111111111111 0.8579450106620788 0.76
62 1.4827048578299582 0.6250255540565208 0.7185185185185186 0.8559576034545898 0.76
63 1.487995102070272 0.6273591324135109 0.7111111111111111 0.8364438414573669 0.76
64 1.4895412689074874 0.6236514612480446 0.7111111111111111 0.8640307354927063 0.76
65 1.5052163531072438 0.6199060289948075 0.7111111111111111 0.8593841576576233 0.76
66 1.4599145478568971 0.6198935208497224 0.7111111111111111 0.8696269655227661 0.76
67 1.463488080073148 0.6216678637045401 0.7111111111111111 0.8476241421699524 0.76
68 1.463121329434216 0.6250488691859775 0.725925925925926 0.8867240691184998 0.76
69 1.4611287359148264 0.630268536232136 0.7037037037037037 0.8786514616012573 0.76
70 1.4647737983614206 0.6257082939147949 0.7185185185185186 0.8593526840209961 0.76
71 1.460874557029456 0.6186820599767897 0.7111111111111111 0.8622540545463562 0.76
72 1.4609238007105887 0.6161630347922996 0.7111111111111111 0.851615948677063 0.76
73 1.4597148401662707 0.6227650514355412 0.7185185185185186 0.8688523983955383 0.76
74 1.4590833988040686 0.6215055010936879 0.7185185185185186 0.8373437809944153 0.76
75 1.4603302259929478 0.6203805499606663 0.7111111111111111 0.8667372632026672 0.76
76 1.4585188939236104 0.6177456144933348 0.7185185185185186 0.8292592358589173 0.76
77 1.5034861420281231 0.6264655832891111 0.7111111111111111 0.8923859882354737 0.76
78 1.4594447929412127 0.6155893665772897 0.7111111111111111 0.8578355813026428 0.76
79 1.4602325106970966 0.6181817633134348 0.7185185185185186 0.8475588464736938 0.76
80 1.460115677677095 0.6247859614866751 0.7185185185185186 0.8510515189170837 0.76
81 1.4611449227668345 0.6117944046303078 0.7185185185185186 0.85496511220932 0.76
82 1.4617056343704462 0.6146624512142606 0.7185185185185186 0.852831380367279 0.76
83 1.4606828731484711 0.6174832436773512 0.7185185185185186 0.8523288822174072 0.76
84 1.458816605154425 0.6097772969139947 0.7185185185185186 0.8625259804725647 0.76
85 1.459258986171335 0.6126019729508294 0.7333333333333333 0.8483887195587159 0.76
86 1.458803242072463 0.6147899972067938 0.7333333333333333 0.8513961291313171 0.76
87 1.4616111400537193 0.6112267829753735 0.7185185185185186 0.8636699676513672 0.76
88 1.4629498883150518 0.6069880816671583 0.7333333333333333 0.8381435966491699 0.76
89 1.4908048058860004 0.6224875458964595 0.7333333333333333 0.8606304001808166 0.76
90 1.4614900280721486 0.6092019341610097 0.7333333333333333 0.8437946057319641 0.76
91 1.4595832452178001 0.6065787054874279 0.7185185185185186 0.8565859007835388 0.76
92 1.4601584067568183 0.6106339048456263 0.725925925925926 0.8255684328079224 0.76
93 1.4623754010535777 0.6125935991605123 0.7407407407407407 0.8750376987457276 0.76
94 1.4627599949017167 0.6186053024397956 0.725925925925926 0.8533344340324401 0.76
95 1.4588287700898945 0.6101089985282333 0.725925925925926 0.8411340641975403 0.76
96 1.458405822981149 0.607815189714785 0.7407407407407407 0.8537679386138916 0.76
97 1.4602336790412664 0.6212068791742678 0.725925925925926 0.8383446025848389 0.76
98 1.4618216939270496 0.6144512631275035 0.7333333333333333 0.8639848494529724 0.76
99 1.4605366317555308 0.6050360074749699 0.7333333333333333 0.842625937461853 0.76
